3 0.5582191780821918 0.153125 0.13356164383561644 0.140625
3 0.547945205479452 0.2953125 0.13356164383561644 0.1390625
3 0.5342465753424658 0.4484375 0.15753424657534246 0.15625
3 0.523972602739726 0.603125 0.15753424657534246 0.1453125
3 0.4965753424657534 0.7625 0.1558219178082192 0.1625
3 0.6095890410958904 0.8421875 0.1232876712328767 0.1328125
3 0.6421232876712328 0.7046875 0.1113013698630137 0.1296875
3 0.660958904109589 0.55625 0.09246575342465753 0.1296875
3 0.690068493150685 0.28125 0.07876712328767123 0.140625
3 0.6352739726027398 0.434375 0.07363013698630137 0.1359375
3 0.6335616438356164 0.26875 0.07191780821917808 0.14375
3 0.684931506849315 0.4203125 0.0684931506849315 0.1203125