3 0.4417808219178082 0.846875 0.13356164383561644 0.140625
3 0.4520547945205479 0.7046875 0.13356164383561644 0.1390625
3 0.4657534246575342 0.5515625 0.15753424657534246 0.15625
3 0.476027397260274 0.396875 0.15753424657534246 0.1453125
3 0.5034246575342466 0.2375 0.1558219178082192 0.1625
3 0.3904109589041096 0.1578125 0.1232876712328767 0.1328125
3 0.3578767123287671 0.2953125 0.1113013698630137 0.1296875
3 0.339041095890411 0.44375 0.09246575342465753 0.1296875
3 0.3099315068493151 0.71875 0.07876712328767123 0.140625
3 0.3647260273972603 0.565625 0.07363013698630137 0.1359375
3 0.3664383561643836 0.73125 0.07191780821917808 0.14375
3 0.3150684931506849 0.5796875 0.0684931506849315 0.1203125