2 0.23125 0.3796875 0.18541666666666667 0.1734375
2 0.40208333333333335 0.40625 0.1875 0.1578125
2 0.2833333333333333 0.603125 0.19583333333333333 0.1921875
2 0.5833333333333334 0.5296875 0.19375 0.11875
2 0.6 0.6625 0.23333333333333334 0.1484375
2 0.56875 0.803125 0.20625 0.1296875
2 0.5729166666666666 0.4078125 0.175 0.121875
2 0.8291666666666667 0.4890625 0.15 0.128125
2 0.8520833333333333 0.6125 0.15833333333333333 0.11875
2 0.7666666666666667 0.68125 0.12291666666666666 0.1546875
2 0.42916666666666664 0.61875 0.12916666666666668 0.1734375