2 0.33958333333333335 0.2984375 0.23125 0.1390625
2 0.375 0.4265625 0.21041666666666667 0.140625
2 0.6375 0.3375 0.25625 0.146875
2 0.5395833333333333 0.5625 0.15833333333333333 0.1453125
2 0.7166666666666667 0.575 0.19791666666666666 0.175
2 0.9041666666666667 0.5515625 0.17291666666666666 0.1546875
2 0.3770833333333333 0.5546875 0.1625 0.13125
2 0.48541666666666666 0.746875 0.17083333333333334 0.1125
2 0.65 0.7640625 0.15833333333333333 0.11875
2 0.7416666666666667 0.7 0.20625 0.0921875
2 0.6583333333333333 0.446875 0.23125 0.096875