4 0.6046875 0.6229166666666667 0.0765625 0.11458333333333333
4 0.7328125 0.5916666666666667 0.0953125 0.12708333333333333
4 0.78125 0.54375 0.0828125 0.13125
4 0.5640625 0.47708333333333336 0.0625 0.08333333333333333
4 0.553125 0.5395833333333333 0.0515625 0.052083333333333336
4 0.4578125 0.4875 0.05625 0.075
4 0.39375 0.4 0.040625 0.06041666666666667
4 0.3640625 0.37916666666666665 0.0265625 0.052083333333333336
4 0.35 0.4166666666666667 0.0375 0.058333333333333334
4 0.196875 0.35 0.025 0.041666666666666664
4 0.175 0.3458333333333333 0.015625 0.03958333333333333
4 0.1890625 0.31666666666666665 0.028125 0.03333333333333333
4 0.165625 0.6875 0.01875 0.029166666666666667
4 0.1390625 0.3625 0.0171875 0.025
4 0.1828125 0.8 0.01875 0.029166666666666667
4 0.265625 0.45625 0.0265625 0.0375
4 0.315625 0.3958333333333333 0.03125 0.04375