4 0.3953125 0.3770833333333333 0.0765625 0.11458333333333333
4 0.2671875 0.4083333333333333 0.0953125 0.12708333333333333
4 0.21875 0.45625 0.0828125 0.13125
4 0.4359375 0.5229166666666667 0.0625 0.08333333333333333
4 0.446875 0.46041666666666664 0.0515625 0.052083333333333336
4 0.5421875 0.5125 0.05625 0.075
4 0.60625 0.6 0.040625 0.06041666666666667
4 0.6359375 0.6208333333333333 0.0265625 0.052083333333333336
4 0.65 0.5833333333333334 0.0375 0.058333333333333334
4 0.803125 0.65 0.025 0.041666666666666664
4 0.825 0.6541666666666667 0.015625 0.03958333333333333
4 0.8109375 0.6833333333333333 0.028125 0.03333333333333333
4 0.834375 0.3125 0.01875 0.029166666666666667
4 0.8609375 0.6375 0.0171875 0.025
4 0.8171875 0.2 0.01875 0.029166666666666667
4 0.734375 0.54375 0.0265625 0.0375
4 0.684375 0.6041666666666666 0.03125 0.04375