4 0.4078125 0.36041666666666666 0.0859375 0.10208333333333333
4 0.43125 0.18958333333333333 0.0953125 0.12708333333333333
4 0.4671875 0.125 0.0984375 0.11041666666666666
4 0.5171875 0.41458333333333336 0.0625 0.08333333333333333
4 0.4703125 0.42916666666666664 0.0390625 0.06875
4 0.509375 0.55625 0.05625 0.075
4 0.575 0.6416666666666667 0.0453125 0.05416666666666667
4 0.590625 0.68125 0.0390625 0.035416666666666666
4 0.5625 0.7 0.04375 0.05
4 0.6125 0.9041666666666667 0.03125 0.03333333333333333
4 0.615625 0.9333333333333333 0.0296875 0.020833333333333332
4 0.6375 0.9145833333333333 0.025 0.0375
4 0.359375 0.9458333333333333 0.021875 0.025
4 0.603125 0.98125 0.01875 0.022916666666666665
4 0.275 0.9229166666666667 0.021875 0.025
4 0.5328125 0.8125 0.028125 0.035416666666666666
4 0.578125 0.7458333333333333 0.0328125 0.041666666666666664