4 0.27890625 0.21553610503282275 0.05625 0.061269146608315096
4 0.24453125 0.0886214442013129 0.0640625 0.061269146608315096
4 0.22890625 0.22210065645514224 0.053125 0.05032822757111598
4 0.25703125 0.2724288840262582 0.0375 0.030634573304157548
4 0.29296875 0.3358862144420131 0.034375 0.0350109409190372
4 0.33203125 0.42560175054704596 0.0375 0.03938730853391685
4 0.31640625 0.5175054704595186 0.025 0.028446389496717725
4 0.36015625 0.6466083150984683 0.0390625 0.028446389496717725
4 0.37109375 0.6159737417943107 0.0453125 0.028446389496717725
4 0.35546875 0.5547045951859956 0.0296875 0.028446389496717725
4 0.40703125 0.5459518599562363 0.046875 0.0525164113785558
4 0.42421875 0.7428884026258206 0.028125 0.024070021881838075