4 0.296875 0.8096280087527352 0.04375 0.0787746170678337
4 0.20625 0.8577680525164114 0.04375 0.08971553610503283
4 0.3015625 0.8796498905908097 0.0359375 0.07439824945295405
4 0.3375 0.8402625820568927 0.021875 0.0525164113785558
4 0.3828125 0.7899343544857768 0.025 0.04814004376367615
4 0.446875 0.7352297592997812 0.028125 0.0525164113785558
4 0.5125 0.7571115973741794 0.0203125 0.0350109409190372
4 0.6046875 0.6958424507658644 0.0203125 0.05470459518599562
4 0.5828125 0.6805251641137856 0.0203125 0.06345733041575492
4 0.5390625 0.7024070021881839 0.0203125 0.04157549234135667
4 0.5328125 0.6301969365426696 0.0375 0.06564551422319474
4 0.6734375 0.6061269146608315 0.0171875 0.03938730853391685