4 0.296875 0.19037199124726478 0.04375 0.0787746170678337
4 0.20625 0.1422319474835886 0.04375 0.08971553610503283
4 0.3015625 0.12035010940919037 0.0359375 0.07439824945295405
4 0.3375 0.15973741794310722 0.021875 0.0525164113785558
4 0.3828125 0.2100656455142232 0.025 0.04814004376367615
4 0.446875 0.2647702407002188 0.028125 0.0525164113785558
4 0.5125 0.24288840262582057 0.0203125 0.0350109409190372
4 0.6046875 0.3041575492341357 0.0203125 0.05470459518599562
4 0.5828125 0.31947483588621445 0.0203125 0.06345733041575492
4 0.5390625 0.2975929978118162 0.0203125 0.04157549234135667
4 0.5328125 0.36980306345733044 0.0375 0.06564551422319474
4 0.6734375 0.3938730853391685 0.0171875 0.03938730853391685