0 0.41953125 0.5538641686182669 0.146875 0.23653395784543327
0 0.40546875 0.7740046838407494 0.140625 0.20608899297423888
0 0.64765625 0.27985948477751754 0.1890625 0.2997658079625293
0 0.76171875 0.5117096018735363 0.14375 0.26229508196721313
0 0.71796875 0.7271662763466042 0.1890625 0.27400468384074944
0 0.67421875 0.9121779859484778 0.1703125 0.1756440281030445
0 0.54609375 0.7388758782201406 0.1546875 0.21311475409836064
0 0.5140625 0.9203747072599532 0.153125 0.1592505854800937
0 0.67890625 0.04449648711943794 0.1140625 0.08899297423887588
0 0.74140625 0.0702576112412178 0.1609375 0.1405152224824356
0 0.471875 0.9765807962529274 0.125 0.0468384074941452
0 0.36015625 0.47892271662763464 0.1328125 0.21779859484777517