0 0.58046875 0.446135831381733 0.146875 0.23653395784543327
0 0.59453125 0.2259953161592506 0.140625 0.20608899297423888
0 0.35234375 0.7201405152224825 0.1890625 0.2997658079625293
0 0.23828125 0.4882903981264637 0.14375 0.26229508196721313
0 0.28203125 0.2728337236533958 0.1890625 0.27400468384074944
0 0.32578125 0.08665105386416862 0.1703125 0.17330210772833723
0 0.45390625 0.2611241217798595 0.1546875 0.21311475409836064
0 0.484375 0.07962529274004684 0.153125 0.1592505854800937
0 0.32109375 0.955503512880562 0.1140625 0.08899297423887588
0 0.25859375 0.9285714285714286 0.1609375 0.14285714285714285
0 0.5265625 0.0234192037470726 0.125 0.0468384074941452
0 0.63984375 0.5210772833723654 0.1328125 0.21779859484777517