4 0.48125 0.7958333333333333 0.090625 0.14375
4 0.30546875 0.9479166666666666 0.0953125 0.10416666666666667
4 0.39375 0.946875 0.09375 0.10625
4 0.496875 0.940625 0.1 0.11875
4 0.6 0.940625 0.103125 0.11875
4 0.7109375 0.93125 0.1125 0.1375
4 0.690625 0.7666666666666667 0.11875 0.16458333333333333
4 0.5734375 0.7791666666666667 0.1 0.15416666666666667
4 0.565625 0.6229166666666667 0.1 0.13958333333333334
4 0.6671875 0.5958333333333333 0.1 0.15625
4 0.4640625 0.6270833333333333 0.1 0.1375
4 0.371875 0.6520833333333333 0.084375 0.14583333333333334
4 0.290625 0.66875 0.0875 0.14791666666666667
4 0.290625 0.8166666666666667 0.06875 0.12708333333333333
4 0.39375 0.80625 0.08125 0.14166666666666666
4 0.3640625 0.3020833333333333 0.0875 0.13958333333333334
4 0.284375 0.32083333333333336 0.0796875 0.13333333333333333
4 0.26953125 0.06041666666666667 0.0859375 0.12083333333333333
4 0.43125 0.03125 0.084375 0.0625
4 0.26875 0.19583333333333333 0.05625 0.11666666666666667
4 0.4390625 0.13333333333333333 0.0796875 0.15416666666666667
4 0.45 0.2833333333333333 0.0859375 0.13541666666666666
4 0.5375 0.25833333333333336 0.0953125 0.15
4 0.640625 0.22083333333333333 0.0984375 0.14166666666666666
4 0.625 0.08958333333333333 0.0984375 0.125
4 0.51875 0.022916666666666665 0.090625 0.04583333333333333
4 0.5234375 0.11041666666666666 0.0984375 0.13541666666666666