4 0.278125 0.525 0.1078125 0.12083333333333333
4 0.146875 0.7583333333333333 0.1125 0.12708333333333333
4 0.1453125 0.6416666666666667 0.11875 0.125
4 0.1515625 0.5041666666666667 0.125 0.13333333333333333
4 0.1578125 0.36666666666666664 0.1109375 0.1375
4 0.1640625 0.21875 0.128125 0.15
4 0.3 0.24583333333333332 0.1234375 0.15833333333333333
4 0.290625 0.40208333333333335 0.115625 0.13333333333333333
4 0.4078125 0.4125 0.1046875 0.13333333333333333
4 0.428125 0.27708333333333335 0.1171875 0.13333333333333333
4 0.4046875 0.5479166666666667 0.103125 0.13333333333333333
4 0.3859375 0.6708333333333333 0.109375 0.1125
4 0.3734375 0.7791666666666667 0.1109375 0.11666666666666667
4 0.2625 0.7791666666666667 0.0953125 0.09166666666666666
4 0.2703125 0.6416666666666667 0.10625 0.10833333333333334
4 0.6484375 0.68125 0.1046875 0.11666666666666667
4 0.634375 0.7875 0.1 0.10625
4 0.8296875 0.80625 0.0921875 0.11458333333333333
4 0.875 0.5916666666666667 0.0953125 0.1125
4 0.728125 0.8083333333333333 0.0875 0.075
4 0.775 0.58125 0.115625 0.10625
4 0.6625 0.5666666666666667 0.1015625 0.11458333333333333
4 0.68125 0.45 0.1125 0.12708333333333333
4 0.709375 0.3125 0.10625 0.13125
4 0.8078125 0.3333333333333333 0.09375 0.13125
4 0.915625 0.34791666666666665 0.1046875 0.1375
4 0.890625 0.475 0.1015625 0.12083333333333333
4 0.7921875 0.46875 0.1015625 0.13125