4 0.721875 0.475 0.1078125 0.12083333333333333
4 0.853125 0.24166666666666667 0.1125 0.12708333333333333
4 0.8546875 0.35833333333333334 0.11875 0.125
4 0.8484375 0.49583333333333335 0.125 0.13333333333333333
4 0.8421875 0.6333333333333333 0.1109375 0.1375
4 0.8359375 0.78125 0.128125 0.15
4 0.7 0.7541666666666667 0.1234375 0.15833333333333333
4 0.709375 0.5979166666666667 0.115625 0.13333333333333333
4 0.5921875 0.5875 0.1046875 0.13333333333333333
4 0.571875 0.7229166666666667 0.1171875 0.13333333333333333
4 0.5953125 0.45208333333333334 0.103125 0.13333333333333333
4 0.6140625 0.32916666666666666 0.109375 0.1125
4 0.6265625 0.22083333333333333 0.1109375 0.11666666666666667
4 0.7375 0.22083333333333333 0.0953125 0.09166666666666666
4 0.7296875 0.35833333333333334 0.10625 0.10833333333333334
4 0.3515625 0.31875 0.1046875 0.11666666666666667
4 0.365625 0.2125 0.1 0.10625
4 0.1703125 0.19375 0.0921875 0.11458333333333333
4 0.125 0.4083333333333333 0.0953125 0.1125
4 0.271875 0.19166666666666668 0.0875 0.075
4 0.225 0.41875 0.115625 0.10625
4 0.3375 0.43333333333333335 0.1015625 0.11458333333333333
4 0.31875 0.55 0.1125 0.12708333333333333
4 0.290625 0.6875 0.10625 0.13125
4 0.1921875 0.6666666666666666 0.09375 0.13125
4 0.084375 0.6520833333333333 0.1046875 0.1375
4 0.109375 0.525 0.1015625 0.12083333333333333
4 0.2078125 0.53125 0.1015625 0.13125