0 0.7015625 0.35145631067961164 0.121875 0.1553398058252427
0 0.6359375 0.47378640776699027 0.1046875 0.11844660194174757
0 0.796875 0.4388349514563107 0.1171875 0.1378640776699029
0 0.7 0.5728155339805825 0.1203125 0.1262135922330097
0 0.6328125 0.6970873786407767 0.1359375 0.18446601941747573
0 0.509375 0.7514563106796116 0.125 0.18446601941747573
0 0.278125 0.46990291262135925 0.1015625 0.1262135922330097
0 0.23125 0.6097087378640776 0.1171875 0.13592233009708737
0 0.190625 0.3262135922330097 0.0703125 0.08737864077669903
0 0.3140625 0.2815533980582524 0.075 0.07766990291262135
0 0.2515625 0.32427184466019415 0.0640625 0.07572815533980583
0 0.6171875 0.1087378640776699 0.075 0.09320388349514563
0 0.515625 0.1145631067961165 0.08125 0.1087378640776699
0 0.5828125 0.23689320388349513 0.0890625 0.08349514563106795
0 0.6390625 0.19223300970873786 0.065625 0.0970873786407767
0 0.4859375 0.22135922330097088 0.090625 0.1087378640776699
0 0.303125 0.2174757281553398 0.053125 0.06990291262135923
0 0.028125 0.47184466019417476 0.05625 0.10485436893203884
0 0.7828125 0.6932038834951456 0.153125 0.18446601941747573
0 0.8765625 0.5805825242718446 0.15 0.1669902912621359
0 0.825 0.18446601941747573 0.1125 0.11650485436893204
0 0.6890625 0.09902912621359224 0.071875 0.1029126213592233
0 0.396875 0.4368932038834951 0.1015625 0.1262135922330097
0 0.44375 0.3106796116504854 0.0859375 0.0970873786407767
0 0.3203125 0.5844660194174758 0.075 0.11067961165048544
0 0.2625 0.3864077669902913 0.0640625 0.05242718446601942
0 0.365625 0.21165048543689322 0.075 0.09320388349514563
0 0.453125 0.16893203883495145 0.06875 0.06990291262135923
0 0.5578125 0.3087378640776699 0.0890625 0.0854368932038835