0 0.61953125 0.24951456310679612 0.125 0.15145631067961166
0 0.52109375 0.33106796116504855 0.0953125 0.13009708737864079
0 0.54921875 0.13106796116504854 0.1109375 0.14563106796116504
0 0.44140625 0.25145631067961166 0.1015625 0.14951456310679612
0 0.34140625 0.33495145631067963 0.1484375 0.16893203883495145
0 0.29765625 0.4883495145631068 0.1484375 0.1553398058252427
0 0.52421875 0.7757281553398059 0.1015625 0.1262135922330097
0 0.41171875 0.8339805825242719 0.109375 0.14563106796116504
0 0.63984375 0.8844660194174757 0.0703125 0.08737864077669903
0 0.67578125 0.7310679611650486 0.0625 0.09320388349514563
0 0.64140625 0.8087378640776699 0.0609375 0.07961165048543689
0 0.81484375 0.35436893203883496 0.075 0.09320388349514563
0 0.81015625 0.48058252427184467 0.0875 0.10097087378640776
0 0.71171875 0.3970873786407767 0.0671875 0.11067961165048544
0 0.74765625 0.3271844660194175 0.078125 0.08155339805825243
0 0.72421875 0.5174757281553398 0.0875 0.11262135922330097
0 0.72734375 0.7446601941747573 0.05625 0.06601941747572816
0 0.34453125 0.14854368932038836 0.1484375 0.19029126213592232
0 0.434375 0.062135922330097085 0.134375 0.12427184466019417
0 0.75390625 0.09611650485436893 0.09375 0.13980582524271845
0 0.82265625 0.2650485436893204 0.0828125 0.08932038834951456
0 0.55078125 0.6281553398058253 0.1015625 0.1262135922330097
0 0.65234375 0.5699029126213592 0.078125 0.10679611650485436
0 0.43203125 0.7233009708737864 0.0890625 0.09320388349514563
0 0.59140625 0.7951456310679612 0.0421875 0.07961165048543689
0 0.73203125 0.6669902912621359 0.075 0.09320388349514563
0 0.76640625 0.558252427184466 0.05625 0.0854368932038835
0 0.65390625 0.42815533980582526 0.06875 0.11067961165048544