4 0.5625 0.7934272300469484 0.103125 0.15023474178403756
4 0.740625 0.8896713615023474 0.0828125 0.12441314553990611
4 0.6453125 0.2981220657276995 0.084375 0.12441314553990611
4 0.56953125 0.051643192488262914 0.0890625 0.10328638497652583
4 0.384375 0.25821596244131456 0.096875 0.14553990610328638
4 0.234375 0.6995305164319249 0.0984375 0.1596244131455399
4 0.484375 0.7300469483568075 0.0921875 0.13615023474178403
4 0.5765625 0.5492957746478874 0.1125 0.14553990610328638
4 0.6296875 0.7089201877934272 0.0859375 0.13849765258215962
4 0.478125 0.9178403755868545 0.0734375 0.10093896713615023
4 0.4078125 0.7863849765258216 0.0859375 0.13615023474178403
4 0.3609375 0.6056338028169014 0.0796875 0.13849765258215962
4 0.425 0.5234741784037559 0.0625 0.09389671361502347
4 0.4015625 0.9061032863849765 0.08125 0.11502347417840375