4 0.6953125 0.5938967136150235 0.1 0.15492957746478872
4 0.759375 0.8615023474178404 0.0828125 0.12441314553990611
4 0.365625 0.7183098591549296 0.0828125 0.1267605633802817
4 0.1984375 0.6056338028169014 0.0765625 0.13380281690140844
4 0.3390625 0.32629107981220656 0.096875 0.14553990610328638
4 0.6328125 0.10093896713615023 0.10625 0.14788732394366197
4 0.871875 0.22300469483568075 0.096875 0.1596244131455399
4 0.9015625 0.5093896713615024 0.0828125 0.1431924882629108
4 0.653125 0.4765258215962441 0.090625 0.13849765258215962
4 0.5328125 0.6150234741784038 0.096875 0.16901408450704225
4 0.6390625 0.6948356807511737 0.0921875 0.12910798122065728
4 0.778125 0.4671361502347418 0.0671875 0.11032863849765258
4 0.690625 0.3615023474178404 0.090625 0.12910798122065728
4 0.5703125 0.29107981220657275 0.0921875 0.11971830985915492
4 0.515625 0.3873239436619718 0.0625 0.09389671361502347
4 0.7703125 0.352112676056338 0.0765625 0.12206572769953052