4 0.5625 0.20657276995305165 0.103125 0.15023474178403756
4 0.740625 0.11032863849765258 0.0828125 0.12441314553990611
4 0.6453125 0.7018779342723005 0.084375 0.12441314553990611
4 0.56953125 0.9471830985915493 0.0890625 0.1056338028169014
4 0.384375 0.7417840375586855 0.096875 0.14553990610328638
4 0.234375 0.3004694835680751 0.0984375 0.1596244131455399
4 0.484375 0.2699530516431925 0.0921875 0.13615023474178403
4 0.5765625 0.4507042253521127 0.1125 0.14553990610328638
4 0.6296875 0.29107981220657275 0.0859375 0.13849765258215962
4 0.478125 0.08215962441314555 0.0734375 0.10093896713615023
4 0.4078125 0.2136150234741784 0.0859375 0.13615023474178403
4 0.3609375 0.39436619718309857 0.0796875 0.13849765258215962
4 0.425 0.4765258215962441 0.0625 0.09389671361502347
4 0.4015625 0.09389671361502347 0.08125 0.11502347417840375