4 0.840625 0.6304347826086957 0.01875 0.041304347826086954
4 0.8265625 0.6434782608695652 0.015625 0.03695652173913044
4 0.715625 0.7543478260869565 0.0359375 0.04565217391304348
4 0.6296875 0.9347826086956522 0.0359375 0.05434782608695652
4 0.5328125 0.941304347826087 0.0390625 0.06739130434782609
4 0.234375 0.7326086956521739 0.0265625 0.06086956521739131
4 0.0359375 0.40217391304347827 0.0171875 0.030434782608695653
4 0.015625 0.4 0.0109375 0.02608695652173913
4 0.0515625 0.40217391304347827 0.01875 0.02826086956521739
4 0.4296875 0.3521739130434783 0.0140625 0.02391304347826087
4 0.903125 0.5021739130434782 0.0125 0.02391304347826087
4 0.8796875 0.6456521739130435 0.0203125 0.02608695652173913
4 0.5578125 0.33260869565217394 0.0203125 0.02391304347826087
4 0.2453125 0.3695652173913043 0.0125 0.017391304347826087