3 0.4171875 0.71875 0.3 0.5598958333333334
3 0.1328125 0.5911458333333334 0.2640625 0.5364583333333334
3 0.425 0.3229166666666667 0.2703125 0.375
3 0.1765625 0.3046875 0.2578125 0.3515625
3 0.4546875 0.125 0.2296875 0.24739583333333334
3 0.246875 0.09895833333333333 0.20625 0.19791666666666666
3 0.0734375 0.10416666666666667 0.1453125 0.20833333333333334
0 0.68125 0.4088541666666667 0.240625 0.3411458333333333
0 0.6921875 0.7604166666666666 0.246875 0.4244791666666667
0 0.90625 0.7734375 0.1859375 0.4505208333333333
0 0.9 0.4296875 0.2 0.3229166666666667
0 0.8875 0.203125 0.2015625 0.25
0 0.6796875 0.18229166666666666 0.2015625 0.234375