3 0.2546875 0.04030501089324619 0.2125 0.08061002178649238
3 0.415625 0.16339869281045752 0.221875 0.32679738562091504
3 0.32265625 0.3801742919389978 0.21875 0.28104575163398693
3 0.25078125 0.9509803921568627 0.2171875 0.09803921568627451
3 0.53359375 0.9455337690631809 0.2390625 0.10893246187363835
3 0.49765625 0.5261437908496732 0.2453125 0.33986928104575165
3 0.61640625 0.8028322440087146 0.1828125 0.29193899782135074
3 0.39765625 0.8845315904139434 0.1765625 0.23093681917211328
3 0.759375 0.06209150326797386 0.109375 0.12418300653594772
3 0.71953125 0.9640522875816994 0.1734375 0.0718954248366013
3 0.72890625 0.5217864923747276 0.1921875 0.29411764705882354