3 0.2546875 0.9586056644880174 0.2125 0.08278867102396514
3 0.415625 0.835511982570806 0.221875 0.3289760348583878
3 0.32265625 0.6198257080610022 0.21875 0.28104575163398693
3 0.25078125 0.049019607843137254 0.2171875 0.09803921568627451
3 0.53359375 0.05337690631808279 0.2390625 0.10675381263616558
3 0.49765625 0.4738562091503268 0.2453125 0.33986928104575165
3 0.61640625 0.19716775599128541 0.1828125 0.29193899782135074
3 0.39765625 0.11437908496732026 0.1765625 0.22875816993464052
3 0.759375 0.9368191721132898 0.109375 0.12636165577342048
3 0.71953125 0.03594771241830065 0.1734375 0.0718954248366013
3 0.72890625 0.4782135076252723 0.1921875 0.29411764705882354