2 0.28958333333333336 0.4265625 0.22708333333333333 0.240625
2 0.47708333333333336 0.3859375 0.17916666666666667 0.146875
2 0.5166666666666667 0.5140625 0.17291666666666666 0.15625
2 0.6125 0.6390625 0.18541666666666667 0.1078125
2 0.6041666666666666 0.3640625 0.15 0.1265625
2 0.7916666666666666 0.2765625 0.09375 0.0859375
2 0.7375 0.309375 0.1125 0.103125
2 0.7104166666666667 0.403125 0.10625 0.1171875
2 0.7604166666666666 0.49375 0.11875 0.0859375
2 0.6729166666666667 0.521875 0.075 0.11875
2 0.7645833333333333 0.5828125 0.11041666666666666 0.0953125