2 0.7104166666666667 0.4265625 0.22708333333333333 0.240625
2 0.5229166666666667 0.3859375 0.17916666666666667 0.146875
2 0.48333333333333334 0.5140625 0.17291666666666666 0.15625
2 0.3875 0.6390625 0.18541666666666667 0.1078125
2 0.3958333333333333 0.3640625 0.15 0.1265625
2 0.20833333333333334 0.2765625 0.09375 0.0859375
2 0.2625 0.309375 0.1125 0.103125
2 0.28958333333333336 0.403125 0.10625 0.1171875
2 0.23958333333333334 0.49375 0.11875 0.0859375
2 0.32708333333333334 0.521875 0.075 0.11875
2 0.23541666666666666 0.5828125 0.11041666666666666 0.0953125