3 0.584375 0.6595289079229122 0.178125 0.26124197002141325
3 0.471875 0.44539614561027835 0.196875 0.2676659528907923
3 0.6765625 0.3961456102783726 0.215625 0.3019271948608137
3 0.2109375 0.41755888650963596 0.209375 0.3019271948608137
3 0.2625 0.702355460385439 0.19375 0.284796573875803
3 0.4359375 0.7451820128479657 0.1546875 0.28693790149892934
3 0.74375 0.7751605995717344 0.184375 0.284796573875803
3 0.5265625 0.1905781584582441 0.221875 0.2676659528907923
3 0.29375 0.1670235546038544 0.1875 0.26552462526766596
3 0.090625 0.139186295503212 0.18125 0.2762312633832976
3 0.0546875 0.3875802997858672 0.1078125 0.2698072805139186
3 0.0859375 0.6209850107066381 0.171875 0.23768736616702354
3 0.125 0.8907922912205567 0.1921875 0.21627408993576017
3 0.65 0.8993576017130621 0.1953125 0.19914346895074947
3 0.8859375 0.6145610278372591 0.1875 0.2633832976445396
3 0.7765625 0.15203426124197003 0.2 0.29336188436830835
3 0.9328125 0.1841541755888651 0.1328125 0.2676659528907923
3 0.89375 0.8736616702355461 0.196875 0.25267665952890794