3 0.584375 0.3404710920770878 0.178125 0.26124197002141325
3 0.471875 0.5546038543897216 0.196875 0.2676659528907923
3 0.6765625 0.6038543897216274 0.215625 0.3019271948608137
3 0.2109375 0.582441113490364 0.209375 0.3019271948608137
3 0.2625 0.29764453961456105 0.19375 0.284796573875803
3 0.4359375 0.25481798715203424 0.1546875 0.28693790149892934
3 0.74375 0.22483940042826553 0.184375 0.284796573875803
3 0.5265625 0.8094218415417559 0.221875 0.2676659528907923
3 0.29375 0.8329764453961456 0.1875 0.26552462526766596
3 0.090625 0.860813704496788 0.18125 0.2762312633832976
3 0.0546875 0.6124197002141327 0.1078125 0.2698072805139186
3 0.0859375 0.37901498929336186 0.171875 0.23768736616702354
3 0.125 0.10920770877944326 0.1921875 0.21627408993576017
3 0.65 0.1006423982869379 0.1953125 0.19914346895074947
3 0.8859375 0.3854389721627409 0.1875 0.2633832976445396
3 0.7765625 0.8479657387580299 0.2 0.29336188436830835
3 0.9328125 0.815845824411135 0.1328125 0.2676659528907923
3 0.89375 0.12633832976445397 0.196875 0.25267665952890794