4 0.3953125 0.015258215962441314 0.10625 0.03051643192488263
4 0.346875 0.107981220657277 0.103125 0.15492957746478872
4 0.66484375 0.9706572769953051 0.1140625 0.05868544600938967
4 0.6546875 0.852112676056338 0.078125 0.11737089201877934
4 0.5671875 0.7112676056338029 0.103125 0.13380281690140844
4 0.55625 0.42018779342723006 0.078125 0.10328638497652583
4 0.4859375 0.8755868544600939 0.0609375 0.15023474178403756
4 0.51875 0.784037558685446 0.05625 0.10093896713615023
4 0.57109375 0.9565727699530516 0.0828125 0.08685446009389672
4 0.6875 0.7183098591549296 0.0734375 0.1267605633802817
4 0.596875 0.568075117370892 0.053125 0.12910798122065728
4 0.5125 0.49765258215962443 0.065625 0.09859154929577464
4 0.4890625 0.6431924882629108 0.0625 0.11032863849765258
4 0.4703125 0.7230046948356808 0.05625 0.14553990610328638
4 0.4984375 0.9870892018779343 0.05 0.025821596244131457