2 0.6546875 0.3078125 0.1484375 0.134375
2 0.7421875 0.4703125 0.11875 0.1421875
2 0.4328125 0.778125 0.14375 0.1234375
2 0.61875 0.7734375 0.1359375 0.1296875
2 0.4515625 0.2171875 0.1265625 0.13125
2 0.3234375 0.1546875 0.134375 0.1234375
2 0.3796875 0.371875 0.125 0.115625
2 0.51875 0.35625 0.1359375 0.134375
2 0.3859375 0.65 0.1390625 0.125
2 0.2859375 0.5765625 0.15 0.1296875
2 0.534375 0.534375 0.1421875 0.13125
2 0.6515625 0.5953125 0.1328125 0.11875
2 0.4578125 0.903125 0.1203125 0.1078125
2 0.50625 0.115625 0.165625 0.0796875
2 0.40625 0.503125 0.125 0.1296875