2 0.6546875 0.6921875 0.1484375 0.134375
2 0.7421875 0.5296875 0.11875 0.1421875
2 0.4328125 0.221875 0.14375 0.1234375
2 0.61875 0.2265625 0.1359375 0.1296875
2 0.4515625 0.7828125 0.1265625 0.13125
2 0.3234375 0.8453125 0.134375 0.1234375
2 0.3796875 0.628125 0.125 0.115625
2 0.51875 0.64375 0.1359375 0.134375
2 0.3859375 0.35 0.1390625 0.125
2 0.2859375 0.4234375 0.15 0.1296875
2 0.534375 0.465625 0.1421875 0.13125
2 0.6515625 0.4046875 0.1328125 0.11875
2 0.4578125 0.096875 0.1203125 0.1078125
2 0.50625 0.884375 0.165625 0.0796875
2 0.40625 0.496875 0.125 0.1296875