0 0.59453125 0.6532033426183844 0.115625 0.1977715877437326
0 0.52109375 0.45264623955431754 0.125 0.2200557103064067
0 0.64140625 0.38857938718662954 0.1171875 0.21448467966573817
0 0.2671875 0.786908077994429 0.0953125 0.20055710306406685
0 0.46484375 0.6894150417827298 0.1296875 0.233983286908078
0 0.38671875 0.5027855153203342 0.115625 0.20612813370473537
0 0.31328125 0.32172701949860727 0.1078125 0.18662952646239556
0 0.43515625 0.2799442896935933 0.11875 0.2200557103064067
0 0.55703125 0.23537604456824512 0.1078125 0.19220055710306408
0 0.4890625 0.07799442896935933 0.125 0.15598885793871867
0 0.3609375 0.10445682451253482 0.121875 0.20891364902506965