0 0.4140625 0.6685236768802229 0.1109375 0.20612813370473537
0 0.5265625 0.5376044568245125 0.1234375 0.22284122562674094
0 0.5625 0.7520891364902507 0.1203125 0.20891364902506965
0 0.1453125 0.3286908077994429 0.1234375 0.1977715877437326
0 0.3390625 0.08495821727019498 0.1125 0.16991643454038996
0 0.39375 0.4373259052924791 0.13125 0.23119777158774374
0 0.4984375 0.298050139275766 0.115625 0.20612813370473537
0 0.6 0.1671309192200557 0.1046875 0.19220055710306408
0 0.6234375 0.38440111420612816 0.1234375 0.2116991643454039
0 0.6484375 0.6016713091922006 0.1078125 0.19220055710306408
0 0.753125 0.4818941504178273 0.1203125 0.22284122562674094
0 0.8578125 0.3398328690807799 0.1171875 0.21727019498607242
0 0.725 0.25348189415041783 0.1234375 0.21727019498607242
0 0.81875 0.10863509749303621 0.128125 0.20891364902506965
0 0.9421875 0.16434540389972144 0.1140625 0.22284122562674094