4 0.609375 0.7576470588235295 0.1296875 0.17882352941176471
4 0.7421875 0.6423529411764706 0.1109375 0.17176470588235293
4 0.6765625 0.4964705882352941 0.1359375 0.1623529411764706
4 0.50625 0.7388235294117647 0.1078125 0.2235294117647059
4 0.475 0.48470588235294115 0.153125 0.2211764705882353
4 0.3171875 0.35764705882352943 0.125 0.1976470588235294
4 0.4890625 0.30117647058823527 0.1203125 0.23058823529411765
4 0.590625 0.21176470588235294 0.15 0.2635294117647059
4 0.6875 0.33176470588235296 0.1359375 0.1623529411764706
4 0.7984375 0.3764705882352941 0.134375 0.21176470588235294
4 0.578125 0.5929411764705882 0.121875 0.1952941176470588