4 0.67109375 0.3352941176470588 0.11875 0.1952941176470588
4 0.59453125 0.13529411764705881 0.1140625 0.16705882352941176
4 0.49765625 0.23411764705882354 0.1078125 0.20470588235294118
4 0.65859375 0.49058823529411766 0.1484375 0.1623529411764706
4 0.48984375 0.5376470588235294 0.146875 0.23058823529411765
4 0.40546875 0.7752941176470588 0.13125 0.18823529411764706
4 0.36796875 0.5164705882352941 0.153125 0.1811764705882353
4 0.30859375 0.3635294117647059 0.175 0.22588235294117648
4 0.38828125 0.21764705882352942 0.1078125 0.20470588235294118
4 0.4171875 0.07529411764705882 0.140625 0.15058823529411763
4 0.56171875 0.38235294117647056 0.1296875 0.18352941176470589