4 0.6895833333333333 0.6109375 0.22916666666666666 0.1703125
4 0.8520833333333333 0.6859375 0.16875 0.1578125
4 0.675 0.775 0.2375 0.153125
4 0.46041666666666664 0.69375 0.20416666666666666 0.2078125
4 0.23958333333333334 0.6203125 0.2520833333333333 0.215625
4 0.47708333333333336 0.51875 0.18125 0.153125
4 0.8354166666666667 0.503125 0.29791666666666666 0.153125
4 0.7125 0.3625 0.2833333333333333 0.1671875
4 0.2833333333333333 0.378125 0.29583333333333334 0.2703125
4 0.07083333333333333 0.521875 0.14166666666666666 0.28125
4 0.084375 0.3078125 0.16875 0.171875
4 0.4979166666666667 0.3140625 0.15 0.15625