4 0.6479166666666667 0.3578125 0.22708333333333333 0.171875
4 0.7479166666666667 0.2359375 0.21041666666666667 0.1265625
4 0.8666666666666667 0.36875 0.20416666666666666 0.178125
4 0.7583333333333333 0.5296875 0.27708333333333335 0.153125
4 0.6604166666666667 0.6953125 0.2875 0.1890625
4 0.525 0.5171875 0.20416666666666666 0.1359375
4 0.5041666666666667 0.2484375 0.20416666666666666 0.2234375
4 0.31666666666666665 0.340625 0.22291666666666668 0.2125
4 0.3375 0.6625 0.36041666666666666 0.221875
4 0.5291666666666667 0.878125 0.375 0.21875
4 0.24375 0.8234375 0.22916666666666666 0.15
4 0.2520833333333333 0.5015625 0.20833333333333334 0.1125