4 0.3104166666666667 0.3890625 0.22916666666666666 0.1703125
4 0.14791666666666667 0.3140625 0.16875 0.1578125
4 0.325 0.225 0.2375 0.153125
4 0.5395833333333333 0.30625 0.20416666666666666 0.2078125
4 0.7604166666666666 0.3796875 0.2520833333333333 0.215625
4 0.5229166666666667 0.48125 0.18125 0.153125
4 0.16458333333333333 0.496875 0.29791666666666666 0.153125
4 0.2875 0.6375 0.2833333333333333 0.1671875
4 0.7166666666666667 0.621875 0.29583333333333334 0.2703125
4 0.9291666666666667 0.478125 0.14166666666666666 0.28125
4 0.915625 0.6921875 0.16875 0.171875
4 0.5020833333333333 0.6859375 0.15 0.15625