4 0.17109375 0.8107890499194848 0.178125 0.2028985507246377
4 0.13671875 0.5289855072463768 0.15625 0.17391304347826086
4 0.12734375 0.6529790660225443 0.203125 0.10305958132045089
4 0.43828125 0.7898550724637681 0.153125 0.22383252818035426
4 0.3796875 0.9533011272141707 0.16875 0.09339774557165861
4 0.29765625 0.8800322061191627 0.1328125 0.1529790660225443
4 0.31796875 0.7383252818035426 0.1140625 0.12560386473429952
4 0.36015625 0.5257648953301127 0.1796875 0.20450885668276972
4 0.28046875 0.24074074074074073 0.1640625 0.1932367149758454
4 0.14765625 0.3647342995169082 0.159375 0.13687600644122383
4 0.43984375 0.31803542673107893 0.196875 0.18840579710144928
4 0.64453125 0.36312399355877617 0.196875 0.18035426731078905
4 0.79921875 0.23752012882447665 0.215625 0.21578099838969403
4 0.53984375 0.06280193236714976 0.2109375 0.12560386473429952
4 0.62421875 0.17954911433172302 0.1625 0.14492753623188406
4 0.48203125 0.1892109500805153 0.165625 0.11594202898550725
4 0.33203125 0.1247987117552335 0.1875 0.1320450885668277
4 0.63203125 0.6143317230273752 0.2140625 0.24154589371980675
4 0.60546875 0.8896940418679549 0.2015625 0.19806763285024154
4 0.69921875 0.7979066022544283 0.215625 0.1497584541062802
4 0.82265625 0.643317230273752 0.178125 0.178743961352657
4 0.81328125 0.44524959742351045 0.246875 0.18679549114331723
4 0.51953125 0.48389694041867953 0.1296875 0.16264090177133655
4 0.16640625 0.2616747181964573 0.1015625 0.1706924315619968