4 0.17109375 0.1892109500805153 0.178125 0.2028985507246377
4 0.13671875 0.47101449275362317 0.15625 0.17391304347826086
4 0.12734375 0.3470209339774557 0.203125 0.10305958132045089
4 0.43828125 0.21014492753623187 0.153125 0.22383252818035426
4 0.3796875 0.04669887278582931 0.16875 0.09339774557165861
4 0.29765625 0.11996779388083736 0.1328125 0.1529790660225443
4 0.31796875 0.2616747181964573 0.1140625 0.12560386473429952
4 0.36015625 0.4742351046698873 0.1796875 0.20450885668276972
4 0.28046875 0.7592592592592593 0.1640625 0.1932367149758454
4 0.14765625 0.6352657004830918 0.159375 0.13687600644122383
4 0.43984375 0.6819645732689211 0.196875 0.18840579710144928
4 0.64453125 0.6368760064412239 0.196875 0.18035426731078905
4 0.79921875 0.7624798711755234 0.215625 0.21578099838969403
4 0.53984375 0.9363929146537843 0.2109375 0.12721417069243157
4 0.62421875 0.820450885668277 0.1625 0.14492753623188406
4 0.48203125 0.8107890499194848 0.165625 0.11594202898550725
4 0.33203125 0.8752012882447665 0.1875 0.1320450885668277
4 0.63203125 0.3856682769726248 0.2140625 0.24154589371980675
4 0.60546875 0.11030595813204509 0.2015625 0.19806763285024154
4 0.69921875 0.20209339774557167 0.215625 0.1497584541062802
4 0.82265625 0.35668276972624796 0.178125 0.178743961352657
4 0.81328125 0.5547504025764896 0.246875 0.18679549114331723
4 0.51953125 0.5161030595813204 0.1296875 0.16264090177133655
4 0.16640625 0.7383252818035426 0.1015625 0.1706924315619968