4 0.8015625 0.1610305958132045 0.196875 0.18357487922705315
4 0.528125 0.12560386473429952 0.16875 0.1610305958132045
4 0.6484375 0.11594202898550725 0.1 0.20933977455716588
4 0.78125 0.4363929146537842 0.2171875 0.15780998389694043
4 0.946875 0.37681159420289856 0.1046875 0.17391304347826086
4 0.86875 0.2914653784219002 0.1484375 0.13687600644122383
4 0.73125 0.31239935587761675 0.121875 0.11755233494363929
4 0.525 0.355877616747182 0.1984375 0.18518518518518517
4 0.2484375 0.27375201288244766 0.1875 0.16908212560386474
4 0.36875 0.13687600644122383 0.1328125 0.1642512077294686
4 0.3234375 0.43800322061191627 0.1828125 0.2028985507246377
4 0.3671875 0.6489533011272142 0.175 0.2028985507246377
4 0.2453125 0.8083735909822867 0.209375 0.2222222222222222
4 0.06875 0.5410628019323671 0.1375 0.21739130434782608
4 0.1890625 0.6280193236714976 0.140625 0.16747181964573268
4 0.1984375 0.48148148148148145 0.1125 0.1706924315619968
4 0.1359375 0.32689210950080516 0.128125 0.1932367149758454
4 0.6109375 0.6360708534621579 0.234375 0.22061191626409019
4 0.878125 0.6086956521739131 0.1921875 0.20772946859903382
4 0.7890625 0.7053140096618358 0.1453125 0.2222222222222222
4 0.6390625 0.8325281803542673 0.1734375 0.18357487922705315
4 0.446875 0.822866344605475 0.18125 0.25442834138486314
4 0.484375 0.5201288244766505 0.1578125 0.13365539452495975
4 0.26875 0.15619967793880837 0.165625 0.10466988727858294