4 0.2171875 0.795774647887324 0.090625 0.15492957746478872
4 0.059375 0.647887323943662 0.1078125 0.1807511737089202
4 0.128125 0.4694835680751174 0.0953125 0.12910798122065728
4 0.159375 0.1596244131455399 0.09375 0.1431924882629108
4 0.3421875 0.33568075117370894 0.1203125 0.1807511737089202
4 0.3484375 0.6103286384976526 0.10625 0.15258215962441316
4 0.4296875 0.9436619718309859 0.1046875 0.11267605633802817
4 0.55 0.6924882629107981 0.0921875 0.14553990610328638
4 0.5328125 0.3779342723004695 0.1140625 0.1643192488262911
4 0.4609375 0.13145539906103287 0.11875 0.2112676056338028
4 0.690625 0.19483568075117372 0.0984375 0.14553990610328638
4 0.7578125 0.5234741784037559 0.1171875 0.176056338028169
4 0.7703125 0.8427230046948356 0.1171875 0.19248826291079812
4 0.934375 0.44835680751173707 0.1015625 0.16901408450704225