4 0.696875 0.9248826291079812 0.103125 0.13615023474178403
4 0.27265625 0.9706572769953051 0.0953125 0.05868544600938967
4 0.390625 0.7370892018779343 0.1203125 0.1807511737089202
4 0.5734375 0.7276995305164319 0.1015625 0.1596244131455399
4 0.7953125 0.6056338028169014 0.075 0.1572769953051643
4 0.628125 0.42488262910798125 0.096875 0.13849765258215962
4 0.41875 0.4507042253521127 0.109375 0.17136150234741784
4 0.2546875 0.5586854460093896 0.140625 0.1784037558685446
4 0.296875 0.2136150234741784 0.096875 0.14788732394366197
4 0.515625 0.11267605633802817 0.1171875 0.176056338028169
4 0.728125 0.09389671361502347 0.128125 0.176056338028169