4 0.696875 0.07511737089201878 0.103125 0.13615023474178403
4 0.27265625 0.029342723004694836 0.0953125 0.05868544600938967
4 0.390625 0.26291079812206575 0.1203125 0.1807511737089202
4 0.5734375 0.27230046948356806 0.1015625 0.1596244131455399
4 0.7953125 0.39436619718309857 0.075 0.1572769953051643
4 0.628125 0.5751173708920188 0.096875 0.13849765258215962
4 0.41875 0.5492957746478874 0.109375 0.17136150234741784
4 0.2546875 0.4413145539906103 0.140625 0.1784037558685446
4 0.296875 0.7863849765258216 0.096875 0.14788732394366197
4 0.515625 0.8873239436619719 0.1171875 0.176056338028169
4 0.728125 0.9061032863849765 0.128125 0.176056338028169