0 0.7370892018779343 0.921875 0.12832550860719874 0.125
0 0.7496087636932708 0.778125 0.12519561815336464 0.1265625
0 0.6040688575899843 0.7421875 0.11580594679186229 0.1171875
0 0.5868544600938967 0.89375 0.10328638497652583 0.10625
0 0.3489827856025039 0.8015625 0.10641627543035993 0.1125
0 0.405320813771518 0.59375 0.1298904538341158 0.1265625
0 0.13615023474178403 0.565625 0.11737089201877934 0.1125
0 0.3333333333333333 0.503125 0.13458528951486698 0.1265625
0 0.28012519561815336 0.390625 0.12050078247261346 0.134375
0 0.5915492957746479 0.2453125 0.1705790297339593 0.1703125
0 0.37089201877934275 0.0859375 0.1674491392801252 0.1640625
0 0.23943661971830985 0.128125 0.1643192488262911 0.1765625
0 0.6259780907668232 0.078125 0.14553990610328638 0.15625
0 0.5086071987480438 0.0578125 0.16588419405320814 0.1140625
0 0.4491392801251956 0.2640625 0.12832550860719874 0.1296875
0 0.38810641627543035 0.3328125 0.14241001564945227 0.13125
0 0.5665101721439749 0.4515625 0.14084507042253522 0.1171875
0 0.7276995305164319 0.5890625 0.1189358372456964 0.1265625
0 0.8169014084507042 0.4796875 0.12832550860719874 0.121875
0 0.7183098591549296 0.421875 0.12832550860719874 0.08125
0 0.6557120500782473 0.5 0.10641627543035993 0.125
0 0.539906103286385 0.578125 0.13145539906103287 0.14375
0 0.20187793427230047 0.471875 0.12832550860719874 0.128125
0 0.2863849765258216 0.640625 0.1298904538341158 0.1296875
0 0.4428794992175274 0.75 0.12206572769953052 0.0984375
0 0.4381846635367762 0.9515625 0.11580594679186229 0.0953125
0 0.3114241001564945 0.9453125 0.1189358372456964 0.1078125
0 0.24726134585289514 0.8515625 0.11267605633802817 0.096875
0 0.5258215962441315 0.8171875 0.10485133020344288 0.109375
0 0.8497652582159625 0.5953125 0.1298904538341158 0.1296875
0 0.8419405320813772 0.7015625 0.1267605633802817 0.1046875
0 0.7057902973395931 0.1265625 0.12206572769953052 0.140625
0 0.7871674491392802 0.178125 0.11580594679186229 0.128125
0 0.7981220657276995 0.25625 0.10641627543035993 0.0953125
0 0.37715179968701096 0.2046875 0.13458528951486698 0.0953125
0 0.19405320813771518 0.753125 0.12363067292644757 0.11875
0 0.41471048513302033 0.684375 0.12050078247261346 0.08125