0 0.7370892018779343 0.078125 0.12832550860719874 0.125
0 0.7496087636932708 0.221875 0.12519561815336464 0.1265625
0 0.6040688575899843 0.2578125 0.11580594679186229 0.1171875
0 0.5868544600938967 0.10625 0.10328638497652583 0.10625
0 0.3489827856025039 0.1984375 0.10641627543035993 0.1125
0 0.405320813771518 0.40625 0.1298904538341158 0.1265625
0 0.13615023474178403 0.434375 0.11737089201877934 0.1125
0 0.3333333333333333 0.496875 0.13458528951486698 0.1265625
0 0.28012519561815336 0.609375 0.12050078247261346 0.134375
0 0.5915492957746479 0.7546875 0.1705790297339593 0.1703125
0 0.37089201877934275 0.9140625 0.1674491392801252 0.1640625
0 0.23943661971830985 0.871875 0.1643192488262911 0.1765625
0 0.6259780907668232 0.921875 0.14553990610328638 0.15625
0 0.5086071987480438 0.9421875 0.16588419405320814 0.1140625
0 0.4491392801251956 0.7359375 0.12832550860719874 0.1296875
0 0.38810641627543035 0.6671875 0.14241001564945227 0.13125
0 0.5665101721439749 0.5484375 0.14084507042253522 0.1171875
0 0.7276995305164319 0.4109375 0.1189358372456964 0.1265625
0 0.8169014084507042 0.5203125 0.12832550860719874 0.121875
0 0.7183098591549296 0.578125 0.12832550860719874 0.08125
0 0.6557120500782473 0.5 0.10641627543035993 0.125
0 0.539906103286385 0.421875 0.13145539906103287 0.14375
0 0.20187793427230047 0.528125 0.12832550860719874 0.128125
0 0.2863849765258216 0.359375 0.1298904538341158 0.1296875
0 0.4428794992175274 0.25 0.12206572769953052 0.0984375
0 0.4381846635367762 0.0484375 0.11580594679186229 0.0953125
0 0.3114241001564945 0.0546875 0.1189358372456964 0.1078125
0 0.24726134585289514 0.1484375 0.11267605633802817 0.096875
0 0.5258215962441315 0.1828125 0.10485133020344288 0.109375
0 0.8497652582159625 0.4046875 0.1298904538341158 0.1296875
0 0.8419405320813772 0.2984375 0.1267605633802817 0.1046875
0 0.7057902973395931 0.8734375 0.12206572769953052 0.140625
0 0.7871674491392802 0.821875 0.11580594679186229 0.128125
0 0.7981220657276995 0.74375 0.10641627543035993 0.0953125
0 0.37715179968701096 0.7953125 0.13458528951486698 0.0953125
0 0.19405320813771518 0.246875 0.12363067292644757 0.11875
0 0.41471048513302033 0.315625 0.12050078247261346 0.08125