0 0.9225352112676056 0.73671875 0.12519561815336464 0.128125
0 0.7785602503912363 0.74921875 0.1267605633802817 0.125
0 0.7425665101721439 0.60390625 0.11737089201877934 0.115625
0 0.8943661971830986 0.58671875 0.10641627543035993 0.103125
0 0.8020344287949922 0.34921875 0.11267605633802817 0.10625
0 0.5938967136150235 0.40546875 0.1267605633802817 0.1296875
0 0.5657276995305164 0.13671875 0.11267605633802817 0.1171875
0 0.5031298904538342 0.33359375 0.1267605633802817 0.134375
0 0.3904538341158059 0.28046875 0.13458528951486698 0.1203125
0 0.24491392801251957 0.59140625 0.1705790297339593 0.1703125
0 0.08528951486697965 0.37109375 0.1643192488262911 0.1671875
0 0.12754303599374023 0.23984375 0.17683881064162754 0.1640625
0 0.07746478873239436 0.62578125 0.15492957746478872 0.1453125
0 0.05712050078247261 0.50859375 0.11424100156494522 0.165625
0 0.26369327073552423 0.44921875 0.1298904538341158 0.128125
0 0.33255086071987483 0.38828125 0.13145539906103287 0.1421875
0 0.4514866979655712 0.56640625 0.11737089201877934 0.140625
0 0.5892018779342723 0.72734375 0.1267605633802817 0.11875
0 0.47965571205007823 0.81640625 0.12206572769953052 0.128125
0 0.4217527386541471 0.71796875 0.081377151799687 0.128125
0 0.5 0.65546875 0.12519561815336464 0.10625
0 0.5782472613458529 0.53984375 0.14397496087636932 0.13125
0 0.47183098591549294 0.20234375 0.12832550860719874 0.128125
0 0.6408450704225352 0.28671875 0.1298904538341158 0.1296875
0 0.7503912363067292 0.44296875 0.09859154929577464 0.121875
0 0.9522691705790297 0.43828125 0.09546165884194054 0.115625
0 0.9460093896713615 0.31171875 0.107981220657277 0.11875
0 0.852112676056338 0.24765625 0.09702660406885759 0.1125
0 0.8176838810641628 0.52578125 0.10954616588419405 0.1046875
0 0.5954616588419406 0.84921875 0.1298904538341158 0.1296875
0 0.7018779342723005 0.84140625 0.10485133020344288 0.1265625
0 0.12597809076682315 0.70546875 0.14084507042253522 0.121875
0 0.17762128325508608 0.78671875 0.12832550860719874 0.115625
0 0.25586854460093894 0.79765625 0.09546165884194054 0.10625
0 0.20422535211267606 0.37734375 0.09546165884194054 0.134375
0 0.7535211267605634 0.19453125 0.1189358372456964 0.1234375
0 0.6846635367762128 0.41484375 0.081377151799687 0.1203125