4 0.4671875 0.18333333333333332 0.1 0.14375
4 0.5296875 0.25416666666666665 0.0984375 0.17916666666666667
4 0.4078125 0.44375 0.0875 0.14166666666666666
4 0.26875 0.3104166666666667 0.0953125 0.11666666666666667
4 0.1609375 0.3104166666666667 0.125 0.225
4 0.0625 0.22708333333333333 0.11875 0.14791666666666667
4 0.2359375 0.48125 0.0984375 0.13125
4 0.0796875 0.46875 0.1078125 0.10625
4 0.45625 0.47291666666666665 0.0546875 0.09583333333333334
4 0.5328125 0.47291666666666665 0.040625 0.05
4 0.58125 0.49166666666666664 0.05 0.04791666666666667
4 0.7125 0.4583333333333333 0.0234375 0.029166666666666667