4 0.5328125 0.18333333333333332 0.1 0.14375
4 0.4703125 0.25416666666666665 0.0984375 0.17916666666666667
4 0.5921875 0.44375 0.0875 0.14166666666666666
4 0.73125 0.3104166666666667 0.0953125 0.11666666666666667
4 0.8390625 0.3104166666666667 0.125 0.225
4 0.9375 0.22708333333333333 0.11875 0.14791666666666667
4 0.7640625 0.48125 0.0984375 0.13125
4 0.9203125 0.46875 0.1078125 0.10625
4 0.54375 0.47291666666666665 0.0546875 0.09583333333333334
4 0.4671875 0.47291666666666665 0.040625 0.05
4 0.41875 0.49166666666666664 0.05 0.04791666666666667
4 0.2875 0.4583333333333333 0.0234375 0.029166666666666667