4 0.4921875 0.7109375 0.1640625 0.1640625
4 0.5671875 0.55 0.18125 0.1796875
4 0.7421875 0.6328125 0.2140625 0.2328125
4 0.771875 0.8203125 0.1640625 0.178125
4 0.9078125 0.871875 0.165625 0.1703125
4 0.928125 0.6765625 0.14375 0.25625
4 0.7953125 0.3265625 0.25 0.221875
4 0.946875 0.4609375 0.1046875 0.215625
4 0.440625 0.3265625 0.13125 0.153125
4 0.6140625 0.3546875 0.159375 0.1875
4 0.7109375 0.1484375 0.2 0.2125
4 0.903125 0.1203125 0.19375 0.240625
4 0.5734375 0.046875 0.175 0.0921875
4 0.396875 0.5859375 0.1140625 0.13125
4 0.4328125 0.4703125 0.09375 0.1