4 0.5915492957746479 0.25162689804772237 0.081377151799687 0.17787418655097614
4 0.5837245696400626 0.055314533622559656 0.0782472613458529 0.11062906724511931
4 0.6134585289514867 0.8221258134490239 0.11580594679186229 0.1561822125813449
4 0.729264475743349 0.93058568329718 0.11267605633802817 0.13882863340563992
4 0.7355242566510172 0.7982646420824295 0.10641627543035993 0.12364425162689804
4 0.6181533646322379 0.9414316702819957 0.11424100156494522 0.11062906724511931
4 0.6353677621283255 0.6898047722342733 0.0782472613458529 0.1279826464208243
4 0.4538341158059468 0.6616052060737527 0.09859154929577464 0.12147505422993492
4 0.4194053208137715 0.7657266811279827 0.07511737089201878 0.14967462039045554
4 0.3536776212832551 0.8850325379609545 0.14397496087636932 0.15835140997830802
4 0.42566510172143973 0.5488069414316703 0.0782472613458529 0.13882863340563992
4 0.4726134585289515 0.3470715835140998 0.09076682316118936 0.16702819956616052
4 0.5367762128325508 0.18004338394793926 0.06259780907668232 0.13882863340563992
4 0.5852895148669797 0.3947939262472885 0.10172143974960876 0.1648590021691974
4 0.49295774647887325 0.5140997830802603 0.08450704225352113 0.16702819956616052
4 0.39906103286384975 0.42950108459869846 0.0782472613458529 0.13449023861171366
4 0.3474178403755869 0.5683297180043384 0.08763693270735524 0.16702819956616052
4 0.37089201877934275 0.7049891540130152 0.09389671361502347 0.13882863340563992
4 0.30672926447574334 0.7700650759219089 0.09389671361502347 0.14533622559652928
4 0.2597809076682316 0.9566160520607375 0.07198748043818466 0.08676789587852494