4 0.6791862284820032 0.37310195227765725 0.12832550860719874 0.11279826464208242
4 0.8247261345852895 0.3839479392624729 0.08763693270735524 0.10845986984815618
4 0.2676056338028169 0.34273318872017355 0.11267605633802817 0.16052060737527116
4 0.17996870109546165 0.1822125813449024 0.1189358372456964 0.1561822125813449
4 0.28482003129890454 0.1735357917570499 0.0892018779342723 0.1475054229934924
4 0.18153364632237873 0.3362255965292842 0.07981220657276995 0.15835140997830802
4 0.36306729264475746 0.3123644251626898 0.09233176838810642 0.10845986984815618
4 0.38341158059467917 0.5639913232104121 0.08763693270735524 0.13665943600867678
4 0.3082942097026604 0.6117136659436009 0.107981220657277 0.10412147505422993
4 0.2222222222222222 0.702819956616052 0.11424100156494522 0.19956616052060738
4 0.4647887323943662 0.6030368763557483 0.10015649452269171 0.10845986984815618
4 0.6103286384976526 0.5379609544468547 0.12050078247261346 0.12581344902386118
4 0.730829420970266 0.4490238611713666 0.10015649452269171 0.08676789587852494
4 0.5758998435054773 0.38177874186550975 0.1189358372456964 0.14099783080260303
4 0.48982785602503914 0.5097613882863341 0.12050078247261346 0.11713665943600868
4 0.5508607198748043 0.6399132321041214 0.09702660406885759 0.10845986984815618
4 0.4507042253521127 0.7114967462039046 0.12050078247261346 0.12147505422993492
4 0.352112676056338 0.6789587852494577 0.10015649452269171 0.1301518438177874
4 0.3051643192488263 0.7678958785249458 0.10485133020344288 0.1301518438177874
4 0.14553990610328638 0.8329718004338394 0.1111111111111111 0.09978308026030369