4 0.3208137715179969 0.37310195227765725 0.12832550860719874 0.11279826464208242
4 0.1752738654147105 0.3839479392624729 0.08763693270735524 0.10845986984815618
4 0.7323943661971831 0.34273318872017355 0.11267605633802817 0.16052060737527116
4 0.8200312989045383 0.1822125813449024 0.1189358372456964 0.1561822125813449
4 0.7151799687010955 0.1735357917570499 0.0892018779342723 0.1475054229934924
4 0.8184663536776213 0.3362255965292842 0.07981220657276995 0.15835140997830802
4 0.6369327073552425 0.3123644251626898 0.09233176838810642 0.10845986984815618
4 0.6165884194053208 0.5639913232104121 0.08763693270735524 0.13665943600867678
4 0.6917057902973396 0.6117136659436009 0.107981220657277 0.10412147505422993
4 0.7777777777777778 0.702819956616052 0.11424100156494522 0.19956616052060738
4 0.5352112676056338 0.6030368763557483 0.10015649452269171 0.10845986984815618
4 0.38967136150234744 0.5379609544468547 0.12050078247261346 0.12581344902386118
4 0.26917057902973396 0.4490238611713666 0.10015649452269171 0.08676789587852494
4 0.4241001564945227 0.38177874186550975 0.1189358372456964 0.14099783080260303
4 0.5101721439749609 0.5097613882863341 0.12050078247261346 0.11713665943600868
4 0.4491392801251956 0.6399132321041214 0.09702660406885759 0.10845986984815618
4 0.5492957746478874 0.7114967462039046 0.12050078247261346 0.12147505422993492
4 0.647887323943662 0.6789587852494577 0.10015649452269171 0.1301518438177874
4 0.6948356807511737 0.7678958785249458 0.10485133020344288 0.1301518438177874
4 0.8544600938967136 0.8329718004338394 0.1111111111111111 0.09978308026030369