2 0.4703125 0.6481876332622601 0.128125 0.14498933901918976
2 0.2796875 0.7313432835820896 0.15 0.13859275053304904
2 0.2171875 0.43923240938166314 0.1109375 0.16417910447761194
2 0.2203125 0.26865671641791045 0.1453125 0.1535181236673774
2 0.465625 0.2601279317697228 0.1203125 0.14712153518123666
2 0.4515625 0.39658848614072495 0.0984375 0.13859275053304904
2 0.3765625 0.2921108742004264 0.09375 0.14285714285714285
2 0.6671875 0.6567164179104478 0.096875 0.13646055437100213
2 0.578125 0.6076759061833689 0.090625 0.11940298507462686
2 0.853125 0.4093816631130064 0.1828125 0.17484008528784648
2 0.7015625 0.3752665245202559 0.1421875 0.17057569296375266
2 0.8296875 0.2537313432835821 0.1609375 0.1535181236673774
2 0.615625 0.2537313432835821 0.1578125 0.17057569296375266